											2																												
מדיניות השקעה	שם מסלול	מספר מסלול באוצר	סוג קופה	שווי קופות ליום:31/05/2026	שווי קופות ליום:30/04/2026	השינוי בשווי	משיכות	הפקדות	גיוס נטו במהלך החודש	תשואה לחודש הנוכחי	תשואה מתחילת השנה		סוג קופה	שווי קופות ליום:31/05/2026	שווי קופות ליום:30/04/2026	השינוי בשווי				מדינות השקעה	ערך מקסימלי	ערך מינימלי	הפרש																
מדינות השקעה	שם מסלול	מספר מסלול באוצר	סוג קופה	שווי לסוף חודש	שווי לתחילת החודש	השינוי בשווי	משיכות	הפקדות	גיוס נטו	תשואה לחודש הנוכחי	תשואה מתחילת השנה		תוויות שורה	שווי לסוף חודש	שווי לתחילת החודש	שינוי בשווי				כלליות	2.15	0.11	2.04				תוויות שורה	סכום של Index											
כלליות	אלטשולר שחם גמל לבני 50 עד 60	9951	גמל	25,803,556,175	26,039,703,335	-236,147,160	-749,796,018	51,214,894	-698,581,124	1.85	4.73		גמל	47,318,684,610	47,892,930,549	-574,245,939				מניות	2.88	-0.21	3.09				שווי קופות ליום:30/04/2026	1											
	אלטשולר שחם פיצויים כללי	1094	פיצויים	566,233,134	559,990,198	6,242,936	-3,809,492	0	-3,809,492	1.85	4.52		גמל להשקעה	11,191,021,516	11,283,390,060	-92,368,544				עד 50	2.25	2.11	0.14				שווי קופות ליום:31/05/2026	2					סוג קופה	שם מסלול	מספר מסלול באוצר	שווי לסוף חודש	תשואה לחודש הנוכחי		
	אלטשולר שחם פנסיה מקיפה לבני 50 עד 60	9758	פנסיה	5,172,774,989	5,135,687,772	37,087,217	-147,329,803	78,886,530	-68,443,273	2.07	5.25		השתלמות	43,448,130,069	44,063,559,553	-615,429,484				60+	1.74	1.39	0.35										חסכון לכל ילד	אלטשולר שחם חסכון לילד הלכה	11328	994,838,576	2.04		
	אלטשולר שחם פנסיה כללית לבני 50 עד 60	9762	פנסיה	181,391,886	182,482,473	-1,090,586	-7,719,302	2,801,576	-4,917,726	2.13	5.11		חסכון לכל ילד	12,922,829,589	12,580,021,391	342,808,198				אג"ח ממשלתי	1.65	1.54	0.11										חסכון לכל ילד	אלטשולר שחם חיסכון לילד לחוסכים המעדיפים סיכון בינוני	11326	2,287,823,066	2.08		
	אלטשולר שחם חסכון לילד הלכה	11328	חסכון לכל ילד	994,838,576	973,656,887	21,181,689	-6,847,491	8,142,806	1,295,315	2.04	4.72		פיצויים	717,035,973	709,515,065	7,520,908				אג"חיות	1.29	1.22	0.07										חסכון לכל ילד	אלטשולר שחם חיסכון לילד לחוסכים המעדיפים סיכון מוגבר	11327	8,459,931,258	2.86		
	אלטשולר שחם השתלמות הלכה	12256	השתלמות	297,893,830	296,657,719	1,236,112	-10,928,915	6,010,782	-4,918,133	2.15	4.94		מרפא	60,131,377	59,003,746	1,127,631				כספיות	0.88	0.86	0.02										חסכון לכל ילד	אלטשולר שחם חיסכון לילד לחוסכים המעדיפים סיכון מועט	11325	1,180,236,689	1.48		
	אלטשולר שחם חסכון פלוס הלכה	12257	גמל להשקעה	138,437,378	138,354,710	82,667	-6,634,504	3,855,863	-2,778,641	2.14	4.97		פנסיה	38,442,958,473	38,093,674,062	349,284,411				עד 15% במניות	1.31	1.31	0.00										חסכון לכל ילד סה"כ			12,922,829,589	8.46		
	אלטשולר שחם גמל לעמיתי חבר לבני 50 עד 60	9845	גמל	438,626,679	437,985,454	641,225	-9,856,554	2,443,005	-7,413,549	1.87	4.78		סכום כולל	154,100,791,606	154,682,094,426	-581,302,820				עוקב מדדים כללי	2.68	-0.92	3.60																
	אלטשולר שחם לפנסיה תקציבית מסלול כללי	1912	גמל	414,047	404,838	9,209	0	1,602	1,602	1.90	4.66									SP500	0.79	0.47	0.31																
	אלטשולר שחם מרפא קופה מרכזית לדמי מחלה	872	מרפא	60,131,377	59,003,746	1,127,631	-53,197	0	-53,197	2.04	4.94									עוקב מדדים מנייתי	4.60	0.00	4.60																
	אלטשולר שחם גמל לעמיתי חבר משולב סחיר	14234	גמל	13,311,274	12,896,525	414,748	-1,208,867	1,364,795	155,928	1.99	4.90									אשראי ואג"ח עד 25%	1.44	1.27	0.17																
	אלטשולר שחם גמל משולב סחיר	14353	גמל	669,831,308	683,001,799	-13,170,491	-35,555,086	12,284,972	-23,270,114	1.53	4.36		סוג קופה	תשואה משוקללת לסוג קופה						מקבלי קצבה	1.69	1.51	0.18																
	אלטשולר שחם פנסיה כללית מסלול משולב סחיר	14304	פנסיה	710,352	681,882	28,470	0	14,445	14,445	2.04	4.94		גמל	1.85																									
	אלטשולר שחם פנסיה מקיפה מסלול משולב סחיר	14302	פנסיה	40,675,300	37,998,328	2,676,972	-383,670	2,259,188	1,875,518	2.09	5.06		השתלמות	1.98																									
	אלטשולר שחם השתלמות כללי	1093	השתלמות	28,862,426,773	29,290,303,018	-427,876,245	-1,129,294,638	159,556,996	-969,737,642	1.93	4.83		גמל להשקעה	2.30																									
	אלטשולר שחם חיסכון לילד לחוסכים המעדיפים סיכון בינוני	11326	חסכון לכל ילד	2,287,823,066	2,242,855,527	44,967,539	-16,858,733	15,294,171	-1,564,562	2.08	5.04		חסכון לכל ילד	2.53																									
	אלטשולר שחם חיסכון פלוס כללי	7798	גמל להשקעה	4,367,409,224	4,432,933,246	-65,524,021	-198,943,671	46,686,933	-152,256,738	2.03	5.06		פיצויים	1.72																									
	אלטשולר שחם פנסיה מקיפה מסלול הלכה	9760	פנסיה	285,262,621	284,708,386	554,235	-10,147,662	4,704,962	-5,442,700	2.13	5.07		מרפא	2.04																									
	אלטשולר שחם השתלמות מסלול משולב סחיר	15458	השתלמות	310,436,339	305,384,180	5,052,159	-18,327,240	23,307,538	4,980,298	0.11	6.45		פנסיה	2.09																									
	אלטשולר שחם חיסכון פלוס משולב סחיר	15541	גמל	73,248,768	66,572,049	6,676,719	-2,784,530	8,686,020	5,901,490	1.21	8.52																												
כלליות סה"כ				70,565,433,095	71,181,262,070	-615,828,975	-2,356,479,373	427,517,078	-1,928,962,295	37.18	102.86																												
מניות	אלטשולר שחם גמל מניות	1375	גמל	2,927,446,120	2,951,940,943	-24,494,823	-133,245,326	30,367,602	-102,877,724	2.74	7.84		מדינות השקעה	תשואה ממוצעת משוקללת למדיניות השקעה																									
	אלטשולר שחם השתלמות מניות	1377	השתלמות	6,323,030,554	6,382,971,089	-59,940,535	-311,060,931	84,486,124	-226,574,807	2.70	7.74		כלליות	1.91																									
	אלטשולר שחם חיסכון לילד לחוסכים המעדיפים סיכון מוגבר	11327	חסכון לכל ילד	8,459,931,258	8,202,399,409	257,531,850	-37,464,177	60,097,699	22,633,522	2.86	7.79		מניות	2.73																									
	אלטשולר שחם חיסכון פלוס מניות	7799	גמל להשקעה	4,450,944,978	4,457,827,520	-6,882,542	-189,218,736	58,735,632	-130,483,104	2.85	7.91		עד 50	2.18																									
	אלטשולר שחם פנסיה כללית מניות	13211	פנסיה	212,232,368	211,895,563	336,805	-10,239,221	4,503,499	-5,735,722	2.88	7.73		60+	1.43																									
	אלטשולר שחם פנסיה מקיפה מניות	12419	פנסיה	4,278,300,082	4,238,790,323	39,509,759	-142,144,493	75,351,543	-66,792,950	2.53	6.94		אג"ח ממשלתי	1.60																									
	אלטשולר שחם גמל מניות סחיר	15540	גמל	250,196,700	246,462,426	3,734,273	-16,226,350	19,869,460	3,643,110	0.14	10.46		אג"חיות	1.25																									
	אלטשולר שחם פנסיה כללית מניות סחיר	15842	פנסיה	2,482,292	192,222	2,290,071	-137,997	2,432,841	2,294,844	-0.21	-0.55		כספיות	0.87																									
	אלטשולר שחם פנסיה מקיפה מניות סחיר	15841	פנסיה	9,884,581	3,921,922	5,962,659	-435,905	6,340,031	5,904,126	0.66	0.51		עד 15% במניות	1.31																									
מניות סה"כ				26,914,448,932	26,696,401,416	218,047,516	-840,173,136	342,184,431	-497,988,705	17.15	56.37		עוקב מדדים כללי	1.59																									
עד 50	אלטשולר שחם גמל לבני 50 ומטה	9950	גמל	4,311,006,250	4,386,325,539	-75,319,289	-188,628,969	20,952,208	-167,676,761	2.19	5.70		SP500	0.62																									
	אלטשולר שחם השתלמות כללי ב'	1290	השתלמות	621,126,952	637,276,209	-16,149,258	-30,374,451	1,307,984	-29,066,467	2.11	5.63		עוקב מדדים מנייתי	4.31																									
	אלטשולר שחם פנסיה כללית לבני 50 ומטה	9761	פנסיה	438,717,931	436,202,716	2,515,215	-12,122,851	5,254,878	-6,867,973	2.18	5.48		אשראי ואג"ח עד 25%	1.30																									
	אלטשולר שחם גמל לעמיתי חבר לבני 50 ומטה	9844	גמל	210,842,008	207,303,812	3,538,196	-3,221,196	2,143,610	-1,077,586	2.25	5.62		מקבלי קצבה	1.66																									
	א.ש פנסיה מקיפה לבני 50 ומטה השקעה	9757	פנסיה	18,411,750,696	18,200,881,232	210,869,464	-412,273,320	228,478,705	-183,794,615	2.18	5.92																												
עד 50 סה"כ				23,993,443,836	23,867,989,509	125,454,327	-646,620,787	258,137,385	-388,483,402	10.92	28.34																												
60+	אלטשולר שחם גמל לבני 60 ומעלה	9952	גמל	9,444,862,733	9,644,563,636	-199,700,903	-351,720,260	25,142,809	-326,577,451	1.39	3.06																												
	אלטשולר שחם פנסיה מקיפה לבני 60 ומעלה	9759	פנסיה	2,445,904,633	2,414,501,210	31,403,423	-65,755,162	60,364,877	-5,390,285	1.53	3.38																												
	אלטשולר שחם פנסיה כללית לבני 60 ומעלה	9763	פנסיה	72,964,204	70,873,639	2,090,565	-2,658,819	3,528,246	869,427	1.74	3.48																												
	אלטשולר שחם גמל לעמיתי חבר לבני 60 ומעלה	9846	גמל	158,652,829	160,440,963	-1,788,135	-5,234,585	1,124,920	-4,109,665	1.50	2.96																												
	אלטשולר שחם חיסכון לילד לחוסכים המעדיפים סיכון מועט	11325	חסכון לכל ילד	1,180,236,689	1,161,109,569	19,127,120	-8,180,875	10,148,492	1,967,617	1.48	3.12																												
60+ סה"כ				13,302,621,088	13,451,489,017	-148,867,929	-433,549,701	100,309,344	-333,240,357	7.64	15.99																												
עד 15% במניות	אלטשולר שחם פיצויים אג"ח עד 15% מניות	588	פיצויים	101,730,208	100,871,049	859,158	-399,493	0	-399,493	1.31	2.80																												
עד 15% במניות סה"כ				101,730,208	100,871,049	859,158	-399,493	0	-399,493	1.31	2.80																												
אג"חיות	אלטשולר שחם לפנסיה תקציבית מסלול אג"ח	1309	גמל	88,837,444	87,988,568	848,876	-629,758	405,882	-223,876	1.24	1.93																												
	אלטשולר שחם גמל אג"ח ללא מניות	1376	גמל	720,339,611	723,958,888	-3,619,277	-17,629,320	5,733,444	-11,895,876	1.22	2.03																												
	אלטשולר שחם השתלמות אג"ח ללא מניות	1378	השתלמות	545,691,095	556,800,372	-11,109,277	-25,930,435	8,218,117	-17,712,318	1.28	2.14																												
	אלטשולר שחם חיסכון פלוס אג"ח ללא מניות	7801	גמל להשקעה	136,049,820	137,668,530	-1,618,710	-8,077,828	4,786,558	-3,291,270	1.29	2.13																												
	אלטשולר שחם פיצויים אג"ח ללא מניות	1417	פיצויים	29,460,121	29,199,536	260,585	-65,274	0	-65,274	1.23	2.04																												
אג"חיות סה"כ				1,520,378,090	1,535,615,894	-15,237,804	-52,332,615	19,144,001	-33,188,614	6.26	10.27																												
כספיות	אלטשולר שחם גמל כספי	1394	גמל	298,087,790	308,662,829	-10,575,039	-17,359,023	4,314,735	-13,044,288	0.87	2.11																												
	אלטשולר שחם השתלמות כספי	1398	השתלמות	249,148,231	264,072,298	-14,924,067	-25,589,361	8,563,834	-17,025,527	0.88	2.12																												
	אלטשולר שחם חיסכון פלוס כספי	7802	גמל להשקעה	62,340,146	65,485,663	-3,145,517	-7,623,540	3,962,098	-3,661,442	0.87	2.11																												
	אלטשולר שחם פיצויים כספי	2008	פיצויים	19,612,511	19,454,282	158,229	0	0	0	0.86	2.10																												
כספיות סה"כ				629,188,677	657,675,072	-28,486,394	-50,571,924	16,840,667	-33,731,257	3.48	8.44																												
אג"ח ממשלתי	אלטשולר שחם גמל אג"ח ממשלות	1395	גמל	206,585,465	205,159,626	1,425,838	-4,900,987	3,289,611	-1,611,376	1.54	2.57																												
	אלטשולר שחם השתלמות אג"ח ממשלות	1399	השתלמות	212,564,295	210,777,852	1,786,442	-8,280,398	6,728,416	-1,551,982	1.65	2.70																												
אג"ח ממשלתי סה"כ				419,149,759	415,937,478	3,212,281	-13,181,385	10,018,027	-3,163,358	3.19	5.27																												
עוקב מדדים כללי	אלטשולר שחם גמל הלכה	2017	גמל	222,364,708	219,244,414	3,120,294	-4,979,483	2,371,691	-2,607,792	2.68	6.19																												
	אלטשולר שחם גמל עוקב מדדים גמיש	14354	גמל	120,984,901	135,112,580	-14,127,679	-14,004,458	1,000,091	-13,004,367	-0.92	-3.68																												
	אלטשולר שחם פנסיה כללית מסלול עוקב מדדים - גמיש	14305	פנסיה	3,353,681	3,328,086	25,595	0	55,394	55,394	-0.87	-3.76																												
	אלטשולר שחם פנסיה מקיפה מסלול עוקב מדדים - גמיש	14303	פנסיה	51,573,717	52,134,251	-560,534	-564,074	-690,971	-1,255,045	1.31	1.49																												
	אלטשולר שחם השתלמות עוקב מדדים - גמיש	15028	השתלמות	209,181,352	207,627,969	1,553,383	-12,117,414	9,832,512	-2,284,902	1.92	4.96																												
	אלטשולר שחם פנסיה כללית "הלכה"	13212	פנסיה	3,311,989	3,450,860	-138,871	-245,355	35,098	-210,257	2.11	4.71																												
	אלטשולר שחם חיסכון פלוס עוקב מדדים - גמיש	15315	גמל להשקעה	51,075,307	51,749,691	-674,384	-3,471,366	1,839,846	-1,631,520	1.91	4.98																												
עוקב מדדים כללי סה"כ				661,845,654	672,647,850	-10,802,196	-35,382,150	14,443,661	-20,938,489	8.14	14.89																												
SP500	אלטשולר שחם פנסיה כללית מסלול מחקה מדד S&P 500	14854	פנסיה	109,332,746	107,563,431	1,769,315	-2,313,646	3,597,929	1,284,283	0.47	-2.41																												
	אלטשולר שחם פנסיה מקיפה מסלול מחקה מדד S&P 500	14850	פנסיה	2,029,259,205	2,034,453,435	-5,194,230	-52,132,772	31,046,926	-21,085,846	0.79	-0.77																												
	אלטשולר שחם גמל מחקה מדד S&P 500	14858	גמל	429,220,037	444,559,363	-15,339,326	-24,269,308	6,808,376	-17,460,932	0.49	-2.38																												
	אלטשולר שחם השתלמות מחקה מדד S&P 500	14862	השתלמות	1,020,514,471	1,037,894,963	-17,380,492	-46,742,051	24,705,041	-22,037,010	0.48	-2.36																												
	אלטשולר שחם חיסכון פלוס מחקה מדד S&P 500	14865	גמל להשקעה	845,380,920	859,234,951	-13,854,031	-38,878,413	21,068,046	-17,810,367	0.48	-2.38																												
SP500 סה"כ				4,433,707,380	4,483,706,144	-49,998,764	-164,336,190	87,226,318	-77,109,872	2.71	-10.30																												
עוקב מדדים מנייתי	אלטשולר שחם גמל לעמיתי חבר עוקב מדדים גמיש	14235	גמל	50,063,241	48,111,396	1,951,845	-1,787,973	1,575,554	-212,419	4.55	7.50																												
	אלטשולר שחם חיסכון פלוס פאסיבי- מדדי מניות	14864	גמל להשקעה	473,883,808	468,200,667	5,683,141	-28,936,804	13,500,618	-15,436,186	4.58	7.47																												
	אלטשולר שחם גמל פאסיבי- מדדי מניות	989	גמל	880,206,525	882,531,566	-2,325,041	-50,761,750	8,465,560	-42,296,190	4.60	7.48																												
	אלטשולר שחם השתלמות פאסיבי - מדדי מניות	14863	השתלמות	946,701,926	946,277,575	424,351	-56,042,836	13,654,822	-42,388,014	4.60	7.47																												
	אלטשולר שחם פנסיה כללית פאסיבי- מדדי מניות	13820	פנסיה	86,459,970	85,816,860	643,110	-2,929,378	-359,039	-3,288,417	4.60	7.49																												
	אלטשולר שחם פנסיה מקיפה מסלול פאסיבי – מדדי מניות	13819	פנסיה	1,162,113,316	1,149,811,872	12,301,444	-41,519,755	11,246,393	-30,273,362	3.71	6.31																												
	אלטשולר שחם פנסיה כללית עוקב מדדים למקבלי קצבה	15843	פנסיה	0	0	0	0	0	0	0.00	0.00																												
	אלטשולר שחם פנסיה מקיפה עוקב מדדים למקבלי קצבה	15840	פנסיה	630,582	0	630,582	-8,727	639,466	630,739	0.00	0.00																												
עוקב מדדים מנייתי סה"כ				3,600,059,368	3,580,749,936	19,309,432	-181,987,223	48,723,374	-133,263,849	26.64	43.72																												
אשראי ואג"ח עד 25%	אלטשולר שחם השתלמות  אשראי ואג"ח עם מניות (עד 25% מניות)	558	השתלמות	3,849,414,251	3,927,516,309	-78,102,058	-140,640,036	15,403,595	-125,236,441	1.27	2.75																												
	אלטשולר שחם חיסכון פלוס אשראי ואג"ח עם מניות (עד 25% מניות)	7800	גמל להשקעה	665,499,936	671,935,082	-6,435,146	-25,721,678	10,080,620	-15,641,058	1.44	2.93																												
אשראי ואג"ח עד 25% סה"כ				4,514,914,186	4,599,451,391	-84,537,205	-166,361,714	25,484,215	-140,877,499	2.71	5.68																												
מקבלי קצבה	אלטשולר שחם פנסיה כללית הלכה למקבלי קצבה	15313	פנסיה	690,420	692,009	-1,589	-3,647	-8,918	-12,565	1.61	3.29																												
	אלטשולר שחם פנסיה כללית מסלול בסיסי למקבלי קצבה	12139	פנסיה	124,275,154	126,442,428	-2,167,273	-781,984	-3,255,841	-4,037,825	1.51	2.86																												
	אלטשולר שחם פנסיה כללית מסלול בסיסי למקבלי קצבה קיימים	8580	פנסיה	301,699	255,314	46,385	-1,358	43,814	42,456	1.59	3.03																												
	אלטשולר שחם פנסיה מקיפה הלכה למקבלי קצבה	15314	פנסיה	23,810,431	22,752,774	1,057,657	-135,763	815,113	679,350	1.69	3.49																												
	אלטשולר שחם פנסיה מקיפה מסלול בסיסי למקבלי קצבה	12138	פנסיה	3,285,324,378	3,276,272,721	9,051,657	-24,556,872	-20,008,804	-44,565,676	1.67	3.59																												
	אלטשולר שחם פנסיה מקיפה מסלול בסיסי למקבלי קצבה קיימים	2196	פנסיה	9,469,251	11,882,352	-2,413,102	-48,845	-2,546,910	-2,595,755	1.57	3.33																												
מקבלי קצבה סה"כ				3,443,871,332	3,438,297,598	5,573,734	-25,528,469	-24,961,546	-50,490,015	9.64	19.59																												
סכום כולל				154,100,791,606	154,682,094,426	-581,302,820	-4,966,904,160	1,325,066,955	-3,641,837,205	136.97	303.93																												
------------------------------------------------------------------------------------------------------------------------------------------------------------------------------------------------------------------------


											2																																																																															
מדיניות השקעה	שם מסלול	מספר מסלול באוצר	סוג קופה	שווי קופות ליום:30/06/2026	שווי קופות ליום:31/05/2026	השינוי בשווי	משיכות	הפקדות	גיוס נטו במהלך החודש	תשואה לחודש הנוכחי	תשואה מתחילת השנה		סוג קופה	שווי קופות ליום:30/06/2026	שווי קופות ליום:31/05/2026	השינוי בשווי				מדינות השקעה	ערך מקסימלי	ערך מינימלי	הפרש																																																																			
מדינות השקעה	שם מסלול	מספר מסלול באוצר	סוג קופה	שווי לסוף חודש	שווי לתחילת החודש	השינוי בשווי	משיכות	הפקדות	גיוס נטו	תשואה לחודש הנוכחי	תשואה מתחילת השנה		תוויות שורה	שווי לסוף חודש	שווי לתחילת החודש	שינוי בשווי				כלליות	0.04	-8.11	8.15				תוויות שורה	סכום של Index																																																														
כלליות	אלטשולר שחם גמל לבני 50 עד 60	9951	גמל	25,018,724,130	25,803,556,175	-784,832,045	-818,534,927	41,290,932	-777,243,995	0.03	4.76		גמל	45,851,706,689	47,318,684,610	-1,466,977,921				מניות	-0.58	-8.15	7.57				שווי קופות ליום:31/05/2026	1																																																														
	אלטשולר שחם פיצויים כללי	1094	פיצויים	560,631,785	566,233,134	-5,601,349	-5,202,381	0	-5,202,381	-0.02	4.50		גמל להשקעה	10,863,496,973	11,191,021,516	-327,524,543				עד 50	-0.09	-0.32	0.23				שווי קופות ליום:30/06/2026	2					סוג קופה	שם מסלול	מספר מסלול באוצר	שווי לסוף חודש	תשואה לחודש הנוכחי																																																					
	אלטשולר שחם פנסיה מקיפה לבני 50 עד 60	9758	פנסיה	5,103,767,050	5,172,774,989	-69,007,939	-155,654,833	95,197,990	-60,456,843	-0.15	5.10		השתלמות	41,889,869,705	43,448,130,069	-1,558,260,364				60+	0.58	0.28	0.30										חסכון לכל ילד	אלטשולר שחם חסכון לילד הלכה	11328	992,938,956	-0.19																																																					
	אלטשולר שחם פנסיה כללית לבני 50 עד 60	9762	פנסיה	176,905,419	181,391,886	-4,486,467	-6,993,283	2,752,243	-4,241,040	-0.11	5.00		חסכון לכל ילד	12,872,948,435	12,922,829,589	-49,881,155				אג"ח ממשלתי	0.22	0.16	0.06										חסכון לכל ילד	אלטשולר שחם חיסכון לילד לחוסכים המעדיפים סיכון בינוני	11326	2,282,230,278	-0.10																																																					
	אלטשולר שחם חסכון לילד הלכה	11328	חסכון לכל ילד	992,938,956	994,838,576	-1,899,620	-8,147,271	8,154,513	7,242	-0.19	4.52		פיצויים	710,947,358	717,035,973	-6,088,615				אג"חיות	0.51	0.44	0.07										חסכון לכל ילד	אלטשולר שחם חיסכון לילד לחוסכים המעדיפים סיכון מוגבר	11327	8,410,612,169	-0.78																																																					
	אלטשולר שחם השתלמות הלכה	12256	השתלמות	288,865,573	297,893,830	-9,028,258	-11,463,076	3,406,742	-8,056,334	-0.26	4.67		מרפא	59,999,730	60,131,377	-131,646				כספיות	0.35	0.35	0.00										חסכון לכל ילד	אלטשולר שחם חיסכון לילד לחוסכים המעדיפים סיכון מועט	11325	1,187,167,031	0.47																																																					
	אלטשולר שחם חסכון פלוס הלכה	12257	גמל להשקעה	135,506,876	138,437,378	-2,930,501	-5,266,064	2,793,438	-2,472,626	-0.27	4.69		פנסיה	37,943,439,878	38,442,958,473	-499,518,594				עד 15% במניות	0.47	0.47	0.00										חסכון לכל ילד סה"כ			12,872,948,435	-0.60																																																					
	אלטשולר שחם גמל לעמיתי חבר לבני 50 עד 60	9845	גמל	430,089,837	438,626,679	-8,536,842	-9,126,045	1,175,524	-7,950,521	-0.10	4.67		סכום כולל	150,192,408,768	154,100,791,606	-3,908,382,838				עוקב מדדים כללי	6.80	-1.10	7.90																																																																			
	אלטשולר שחם לפנסיה תקציבית מסלול כללי	1912	גמל	409,984	414,047	-4,062	0	-3,182	-3,182	-0.08	4.58									SP500	4.58	3.27	1.31																																																																			
	אלטשולר שחם מרפא קופה מרכזית לדמי מחלה	872	מרפא	59,999,730	60,131,377	-131,646	-11,234	0	-11,234	-0.16	4.77									עוקב מדדים מנייתי	6.82	0.01	6.81																																																																			
	אלטשולר שחם גמל לעמיתי חבר משולב סחיר	14234	גמל	12,863,127	13,311,274	-448,147	-1,119,875	692,608	-427,267	-0.12	4.78									אשראי ואג"ח עד 25%	0.63	0.56	0.07																																																																			
	אלטשולר שחם גמל משולב סחיר	14353	גמל	636,272,696	669,831,308	-33,558,613	-38,581,872	12,277,614	-26,304,258	-1.03	3.29		סוג קופה	תשואה משוקללת לסוג קופה						מקבלי קצבה	0.41	-0.11	0.52																																																																			
	אלטשולר שחם פנסיה כללית מסלול משולב סחיר	14304	פנסיה	831,459	710,352	121,107	-90,713	212,734	122,021	-0.24	4.68		גמל	0.24																																																																												
	אלטשולר שחם פנסיה מקיפה מסלול משולב סחיר	14302	פנסיה	36,043,027	40,675,300	-4,632,273	-2,685,933	-1,830,449	-4,516,382	-0.24	4.81		השתלמות	0.20																																																																												
	אלטשולר שחם השתלמות כללי	1093	השתלמות	27,789,470,737	28,862,426,773	-1,072,956,036	-1,232,094,966	167,328,930	-1,064,766,036	0.04	4.87		גמל להשקעה	0.44																																																																												
	אלטשולר שחם חיסכון לילד לחוסכים המעדיפים סיכון בינוני	11326	חסכון לכל ילד	2,282,230,278	2,287,823,066	-5,592,788	-18,539,859	15,197,921	-3,341,938	-0.10	4.94		חסכון לכל ילד	-0.50																																																																												
	אלטשולר שחם חיסכון פלוס כללי	7798	גמל להשקעה	4,200,919,632	4,367,409,224	-166,489,592	-206,384,682	41,629,660	-164,755,022	0.02	5.08		פיצויים	0.08																																																																												
	אלטשולר שחם פנסיה מקיפה מסלול הלכה	9760	פנסיה	282,591,817	285,262,621	-2,670,803	-6,724,937	4,931,873	-1,793,064	-0.29	4.77		מרפא	-0.16																																																																												
	אלטשולר שחם השתלמות מסלול משולב סחיר	15458	השתלמות	271,703,221	310,436,339	-38,733,117	-20,615,508	7,056,268	-13,559,240	-8.11	-2.18		פנסיה	0.20																																																																												
	אלטשולר שחם חיסכון פלוס משולב סחיר	15541	גמל	70,770,577	73,248,768	-2,478,191	-4,267,032	4,777,948	510,916	-4.00	4.17																																																																															
כלליות סה"כ				68,351,535,913	70,565,433,095	-2,213,897,182	-2,551,504,491	407,043,307	-2,144,461,184	-15.38	86.47																																																																															
מניות	אלטשולר שחם גמל מניות	1375	גמל	2,777,959,132	2,927,446,120	-149,486,988	-151,519,131	23,132,814	-128,386,317	-0.64	7.15		מדינות השקעה	תשואה ממוצעת משוקללת למדיניות השקעה																																																																												
	אלטשולר שחם השתלמות מניות	1377	השתלמות	6,020,064,442	6,323,030,554	-302,966,112	-362,335,965	107,336,425	-254,999,540	-0.68	7.01		כלליות	-0.04																																																																												
	אלטשולר שחם חיסכון לילד לחוסכים המעדיפים סיכון מוגבר	11327	חסכון לכל ילד	8,410,612,169	8,459,931,258	-49,319,089	-41,958,396	59,212,698	17,254,302	-0.78	6.95		מניות	-0.76																																																																												
	אלטשולר שחם חיסכון פלוס מניות	7799	גמל להשקעה	4,298,209,872	4,450,944,978	-152,735,106	-182,871,611	63,076,096	-119,795,515	-0.68	7.17		עד 50	-0.19																																																																												
	אלטשולר שחם פנסיה כללית מניות	13211	פנסיה	204,683,976	212,232,368	-7,548,392	-9,995,303	4,281,638	-5,713,665	-0.82	6.84		60+	0.54																																																																												
	אלטשולר שחם פנסיה מקיפה מניות	12419	פנסיה	4,149,746,674	4,278,300,082	-128,553,408	-182,798,626	80,226,461	-102,572,165	-0.58	6.32		אג"ח ממשלתי	0.19																																																																												
	אלטשולר שחם גמל מניות סחיר	15540	גמל	217,107,925	250,196,700	-33,088,775	-20,864,355	8,083,267	-12,781,088	-8.15	1.46		אג"חיות	0.45																																																																												
	אלטשולר שחם פנסיה כללית מניות סחיר	15842	פנסיה	2,313,696	2,482,292	-168,596	0	32,464	32,464	-8.04	-8.54		כספיות	0.35																																																																												
	אלטשולר שחם פנסיה מקיפה מניות סחיר	15841	פנסיה	13,052,215	9,884,581	3,167,635	-169,489	3,950,138	3,780,649	-5.80	-5.32		עד 15% במניות	0.47																																																																												
מניות סה"כ				26,093,750,101	26,914,448,932	-820,698,831	-952,512,876	349,332,001	-603,180,875	-26.17	29.04		עוקב מדדים כללי	1.48																																																																												
עד 50	אלטשולר שחם גמל לבני 50 ומטה	9950	גמל	4,152,127,223	4,311,006,250	-158,879,027	-182,146,889	30,071,481	-152,075,408	-0.09	5.61		SP500	3.97																																																																												
	אלטשולר שחם השתלמות כללי ב'	1290	השתלמות	590,573,830	621,126,952	-30,553,122	-30,394,142	1,321,200	-29,072,942	-0.16	5.46		עוקב מדדים מנייתי	6.18																																																																												
	אלטשולר שחם פנסיה כללית לבני 50 ומטה	9761	פנסיה	429,924,510	438,717,931	-8,793,420	-15,390,548	7,379,867	-8,010,681	-0.17	5.30		אשראי ואג"ח עד 25%	0.62																																																																												
	אלטשולר שחם גמל לעמיתי חבר לבני 50 ומטה	9844	גמל	204,541,765	210,842,008	-6,300,243	-6,236,222	697,208	-5,539,014	-0.32	5.28		מקבלי קצבה	0.06																																																																												
	א.ש פנסיה מקיפה לבני 50 ומטה השקעה	9757	פנסיה	18,039,194,104	18,411,750,696	-372,556,591	-500,826,247	171,723,258	-329,102,989	-0.22	5.69																																																																															
עד 50 סה"כ				23,416,361,432	23,993,443,836	-577,082,404	-734,994,048	211,193,014	-523,801,034	-0.95	27.34																																																																															
60+	אלטשולר שחם גמל לבני 60 ומעלה	9952	גמל	9,167,335,164	9,444,862,733	-277,527,569	-369,958,841	42,947,197	-327,011,644	0.58	3.66																																																																															
	אלטשולר שחם פנסיה מקיפה לבני 60 ומעלה	9759	פנסיה	2,455,361,610	2,445,904,633	9,456,976	-62,412,877	62,027,737	-385,140	0.42	3.81																																																																															
	אלטשולר שחם פנסיה כללית לבני 60 ומעלה	9763	פנסיה	69,511,183	72,964,204	-3,453,021	-3,539,061	-87,577	-3,626,638	0.28	3.76																																																																															
	אלטשולר שחם גמל לעמיתי חבר לבני 60 ומעלה	9846	גמל	156,051,689	158,652,829	-2,601,139	-5,059,848	1,829,826	-3,230,022	0.43	3.40																																																																															
	אלטשולר שחם חיסכון לילד לחוסכים המעדיפים סיכון מועט	11325	חסכון לכל ילד	1,187,167,031	1,180,236,689	6,930,342	-8,399,593	9,832,002	1,432,409	0.47	3.60																																																																															
60+ סה"כ				13,035,426,678	13,302,621,088	-267,194,410	-449,370,220	116,549,185	-332,821,035	2.17	18.23																																																																															
עד 15% במניות	אלטשולר שחם פיצויים אג"ח עד 15% מניות	588	פיצויים	101,041,663	101,730,208	-688,545	-1,109,160	0	-1,109,160	0.47	3.28																																																																															
עד 15% במניות סה"כ				101,041,663	101,730,208	-688,545	-1,109,160	0	-1,109,160	0.47	3.28																																																																															
אג"חיות	אלטשולר שחם לפנסיה תקציבית מסלול אג"ח	1309	גמל	89,612,299	88,837,444	774,855	-42,123	397,815	355,692	0.49	2.43																																																																															
	אלטשולר שחם גמל אג"ח ללא מניות	1376	גמל	697,861,170	720,339,611	-22,478,440	-29,212,931	3,843,618	-25,369,313	0.45	2.49																																																																															
	אלטשולר שחם השתלמות אג"ח ללא מניות	1378	השתלמות	527,131,093	545,691,095	-18,560,002	-24,181,116	3,550,383	-20,630,733	0.44	2.59																																																																															
	אלטשולר שחם חיסכון פלוס אג"ח ללא מניות	7801	גמל להשקעה	130,469,560	136,049,820	-5,580,259	-9,746,084	3,598,143	-6,147,941	0.47	2.61																																																																															
	אלטשולר שחם פיצויים אג"ח ללא מניות	1417	פיצויים	29,597,433	29,460,121	137,312	0	0	0	0.51	2.56																																																																															
אג"חיות סה"כ				1,474,671,555	1,520,378,090	-45,706,535	-63,182,254	11,389,959	-51,792,295	2.36	12.68																																																																															
כספיות	אלטשולר שחם גמל כספי	1394	גמל	290,144,568	298,087,790	-7,943,222	-13,491,167	4,640,203	-8,850,964	0.35	2.47																																																																															
	אלטשולר שחם השתלמות כספי	1398	השתלמות	245,289,493	249,148,231	-3,858,738	-13,697,882	9,098,776	-4,599,106	0.35	2.48																																																																															
	אלטשולר שחם חיסכון פלוס כספי	7802	גמל להשקעה	62,149,368	62,340,146	-190,778	-5,353,576	4,976,837	-376,739	0.35	2.46																																																																															
	אלטשולר שחם פיצויים כספי	2008	פיצויים	19,676,478	19,612,511	63,967	0	0	0	0.35	2.46																																																																															
כספיות סה"כ				617,259,906	629,188,677	-11,928,771	-32,542,625	18,715,816	-13,826,809	1.40	9.87																																																																															
אג"ח ממשלתי	אלטשולר שחם גמל אג"ח ממשלות	1395	גמל	206,436,514	206,585,465	-148,950	-6,121,680	5,619,563	-502,117	0.22	2.79																																																																															
	אלטשולר שחם השתלמות אג"ח ממשלות	1399	השתלמות	207,990,318	212,564,295	-4,573,977	-9,326,957	4,527,359	-4,799,598	0.16	2.87																																																																															
אג"ח ממשלתי סה"כ				414,426,832	419,149,759	-4,722,927	-15,448,637	10,146,922	-5,301,715	0.38	5.66																																																																															
עוקב מדדים כללי	אלטשולר שחם גמל הלכה	2017	גמל	216,479,320	222,364,708	-5,885,388	-7,158,083	426,786	-6,731,297	0.45	6.67																																																																															
	אלטשולר שחם גמל עוקב מדדים גמיש	14354	גמל	122,309,352	120,984,901	1,324,451	-10,939,342	4,359,874	-6,579,468	6.79	2.86																																																																															
	אלטשולר שחם פנסיה כללית מסלול עוקב מדדים - גמיש	14305	פנסיה	3,364,154	3,353,681	10,473	-553,107	333,891	-219,216	6.80	2.78																																																																															
	אלטשולר שחם פנסיה מקיפה מסלול עוקב מדדים - גמיש	14303	פנסיה	54,984,050	51,573,717	3,410,333	-737,529	1,546,440	808,911	5.02	6.59																																																																															
	אלטשולר שחם השתלמות עוקב מדדים - גמיש	15028	השתלמות	201,154,507	209,181,352	-8,026,845	-11,840,715	6,167,814	-5,672,901	-1.06	3.85																																																																															
	אלטשולר שחם פנסיה כללית "הלכה"	13212	פנסיה	3,236,736	3,311,989	-75,252	-103,131	36,496	-66,635	-0.22	4.47																																																																															
	אלטשולר שחם חיסכון פלוס עוקב מדדים - גמיש	15315	גמל להשקעה	47,803,271	51,075,307	-3,272,036	-4,482,143	1,795,498	-2,686,645	-1.10	3.83																																																																															
עוקב מדדים כללי סה"כ				649,331,390	661,845,654	-12,514,264	-35,814,050	14,666,799	-21,147,251	16.68	31.06																																																																															
SP500	אלטשולר שחם פנסיה כללית מסלול מחקה מדד S&P 500	14854	פנסיה	115,035,142	109,332,746	5,702,396	-3,156,214	3,837,680	681,466	4.57	2.05																																																																															
	אלטשולר שחם פנסיה מקיפה מסלול מחקה מדד S&P 500	14850	פנסיה	2,066,388,034	2,029,259,205	37,128,829	-57,538,780	28,779,502	-28,759,278	3.27	2.47																																																																															
	אלטשולר שחם גמל מחקה מדד S&P 500	14858	גמל	436,350,680	429,220,037	7,130,643	-22,235,868	10,155,144	-12,080,724	4.58	2.09																																																																															
	אלטשולר שחם השתלמות מחקה מדד S&P 500	14862	השתלמות	1,028,691,166	1,020,514,471	8,176,695	-60,048,123	22,884,852	-37,163,271	4.56	2.10																																																																															
	אלטשולר שחם חיסכון פלוס מחקה מדד S&P 500	14865	גמל להשקעה	857,717,906	845,380,920	12,336,985	-45,539,479	20,182,456	-25,357,023	4.56	2.07																																																																															
SP500 סה"כ				4,504,182,928	4,433,707,380	70,475,548	-188,518,464	85,839,634	-102,678,830	21.54	10.78																																																																															
עוקב מדדים מנייתי	אלטשולר שחם גמל לעמיתי חבר עוקב מדדים גמיש	14235	גמל	53,395,709	50,063,241	3,332,468	-1,564,926	1,534,069	-30,857	6.72	14.73																																																																															
	אלטשולר שחם חיסכון פלוס פאסיבי- מדדי מניות	14864	גמל להשקעה	492,982,237	473,883,808	19,098,429	-26,525,171	14,089,675	-12,435,496	6.78	14.76																																																																															
	אלטשולר שחם גמל פאסיבי- מדדי מניות	989	גמל	894,863,829	880,206,525	14,657,304	-55,846,443	12,577,692	-43,268,751	6.82	14.81																																																																															
	אלטשולר שחם השתלמות פאסיבי - מדדי מניות	14863	השתלמות	970,547,812	946,701,926	23,845,886	-59,647,314	20,799,344	-38,847,970	6.80	14.77																																																																															
	אלטשולר שחם פנסיה כללית פאסיבי- מדדי מניות	13820	פנסיה	91,938,235	86,459,970	5,478,264	-1,583,769	1,187,012	-396,757	6.80	14.80																																																																															
	אלטשולר שחם פנסיה מקיפה מסלול פאסיבי – מדדי מניות	13819	פנסיה	1,186,914,897	1,162,113,316	24,801,581	-35,976,018	4,675,650	-31,300,368	4.88	11.50																																																																															
	אלטשולר שחם פנסיה כללית עוקב מדדים למקבלי קצבה	15843	פנסיה	789,475	0	789,475	-16,329	805,928	789,599	0.01	0.01																																																																															
	אלטשולר שחם פנסיה מקיפה עוקב מדדים למקבלי קצבה	15840	פנסיה	2,495,321	630,582	1,864,739	-25,470	1,864,036	1,838,566	3.69	3.69																																																																															
עוקב מדדים מנייתי סה"כ				3,693,927,514	3,600,059,368	93,868,146	-181,185,440	57,533,406	-123,652,034	42.49	89.07																																																																															
אשראי ואג"ח עד 25%	אלטשולר שחם השתלמות  אשראי ואג"ח עם מניות (עד 25% מניות)	558	השתלמות	3,748,387,513	3,849,414,251	-101,026,737	-140,400,193	17,735,549	-122,664,644	0.63	3.40																																																																															
	אלטשולר שחם חיסכון פלוס אשראי ואג"ח עם מניות (עד 25% מניות)	7800	גמל להשקעה	637,738,251	665,499,936	-27,761,685	-40,228,914	9,129,471	-31,099,443	0.56	3.51																																																																															
אשראי ואג"ח עד 25% סה"כ				4,386,125,764	4,514,914,186	-128,788,422	-180,629,107	26,865,020	-153,764,087	1.19	6.91																																																																															
מקבלי קצבה	אלטשולר שחם פנסיה כללית הלכה למקבלי קצבה	15313	פנסיה	681,380	690,420	-9,040	-3,650	-6,747	-10,397	0.22	3.52																																																																															
	אלטשולר שחם פנסיה כללית מסלול בסיסי למקבלי קצבה	12139	פנסיה	124,036,383	124,275,154	-238,771	-814,827	130,670	-684,157	0.39	3.26																																																																															
	אלטשולר שחם פנסיה כללית מסלול בסיסי למקבלי קצבה קיימים	8580	פנסיה	300,681	301,699	-1,018	-1,355	-771	-2,126	0.41	3.45																																																																															
	אלטשולר שחם פנסיה מקיפה הלכה למקבלי קצבה	15314	פנסיה	23,804,387	23,810,431	-6,044	-128,680	114,592	-14,088	0.06	3.55																																																																															
	אלטשולר שחם פנסיה מקיפה מסלול בסיסי למקבלי קצבה	12138	פנסיה	3,295,771,496	3,285,324,378	10,447,119	-26,174,343	35,881,443	9,707,100	0.05	3.64																																																																															
	אלטשולר שחם פנסיה מקיפה מסלול בסיסי למקבלי קצבה קיימים	2196	פנסיה	9,772,764	9,469,251	303,513	-48,866	367,264	318,398	-0.11	3.21																																																																															
מקבלי קצבה סה"כ				3,454,367,092	3,443,871,332	10,495,760	-27,171,721	36,486,451	9,314,730	1.02	20.64																																																																															
סכום כולל				150,192,408,768	154,100,791,606	-3,908,382,838	-5,413,983,093	1,345,761,514	-4,068,221,579	47.20	351.01																																																																															
